Webots Project File version R2023a
perspectives: 000000ff00000000fd00000002000000010000024100000386fc0200000001fb0000001400540065007800740045006400690074006f00720100000016000003860000008700ffffff00000003000007800000003efc0100000001fb0000001a0043006f006e0073006f006c00650041006c006c0041006c006c0100000000000007800000006900ffffff0000053d0000038600000001000000020000000100000008fc00000000
simulationViewPerspectives: 000000ff000000010000000200000110000004ef0100000002010000000101
sceneTreePerspectives: 000000ff000000010000000300000026000002ed000000fa0100000002010000000201
maximizedDockId: -1
centralWidgetVisible: 1
orthographicViewHeight: 1
textFiles: 0 "../Ass2/controllers/LeaderController/LeaderController.cpp" "../Ass2/controllers/LeaderController/LeaderController.hpp"
consoles: Console:All:All
renderingDevicePerspectives: 0:camera depth;0;0.239063;0;0
renderingDevicePerspectives: 0:camera rgb;0;0.239063;0;0
renderingDevicePerspectives: 1:camera;1;1;0;0
renderingDevicePerspectives: 2:camera;0;1;0;0
renderingDevicePerspectives: 3:camera;0;1;0;0
